4294967279,296
4294967279,189
4243767290,0
4294967294,173
4294967294,15
4294967278,184
4294967294,182
4294967279,185
4294967279,184
846,5
846,4
846,3
846,2
846,1
4294967278,313
4294967279,505
843,5
843,4
843,3
843,2
843,1
4294967279,434
4294967279,294
841,5
841,4
841,3
841,2
841,1
4294967278,259
4294967278,326
839,5
839,4
839,3
839,2
839,1
4294967278,363
838,5
838,4
838,3
838,2
838,1
4294967294,1179
837,6
4294967294,407
4294967294,466
4294967294,463
4294967294,404
4294967278,412
837,5
837,4
837,3
837,2
837,1
4294967279,447
4294967294,1015
836,5
836,4
836,3
836,2
836,1
4294967294,430
835,4
835,3
835,2
835,1
834,5
834,4
834,3
834,2
834,1
833,4
833,3
833,2
833,1
4294967279,204
4294967294,175
4243767290,3
4243767290,2
4294967294,14
4294967294,20
4294967294,13
4294967294,166
4294967294,24
4294967294,127
4294967294,126
4294967294,18
4294967294,12
4294967294,116
4294967294,104
4294967294,106
4294967294,184
4294967294,172
4294967294,171
4294967278,2
4294967294,469
4294967278,199
4294967294,114
4294967279,221
4294967279,292
4294967278,373
4294967278,372
4294967278,189
4294967278,187
4294967278,183
4294967279,467
4294967279,482
4294967279,179
4294967279,219
4294967279,173
4294967279,466
4294967279,288
4294967278,422
4294967278,160
4294967278,158
4294967279,153
4294967278,152
4294967279,144
4294967279,279
4294967279,137
4294967279,481
4294967279,489
4294967278,346
4294967278,368
4294967278,126
4294967278,439
4294967278,406
4294967278,73
4294967278,430
4294967279,427
4294967279,452
4294967279,113
4294967279,446
4294967279,97
4294967279,95
4294967279,82
4294967279,79
4294967279,77
4294967279,483
4294967279,71
4294967279,70
4294967279,66
4294967279,64
4294967279,63
4294967279,59
4294967279,53
4294967279,47
4294967279,38
4294967279,37
4294967279,32
4294967279,26
4294967279,23
4294967279,17
4294967279,16
4294967279,14
4294967294,176
4294967294,458
4294967294,465
4294967279,258
4294967278,323
4294967278,364
4294967279,459
4294967278,287
4294967279,285
4294967278,242
4294967278,362
4294967279,114
4294967278,113
4294967278,220
819,4
819,3
819,2
819,1
4294967279,445
4294967279,197
4294967278,285
4294967279,430
4294967279,281
4294967279,74
4294967279,276
4294967279,75
4294967278,284
4294967278,396
4294967278,181
4294967279,182
4294967278,175
4294967279,275
4294967294,89
4294967294,161
4294967279,151
4294967278,145
4294967278,147
4294967278,146
4294967278,281
4294967278,144
4294967279,437
4294967294,414
4294967279,268
4294967278,272
4294967279,389
4294967278,324
4294967294,1102
4294967294,1096
4294967278,320
0,5
4294967294,115
4294967278,250
4294967279,249
4294967294,120
4294967278,237
4294967279,232
4294967279,230
4294967278,228
4294967279,228
4294967279,218
4294967279,216
4294967279,212
4294967278,210
0,7
4294967294,392
4294967294,390
4294967294,27
4294967294,46
4294967294,2
4294967294,426
4294967279,257
4294967279,0
4294967294,1
4294967294,107
4294967294,81
4294967294,50
4294967294,40
4294967294,38
4294967294,37
4294967294,36
4294967294,17
4294967294,39
4294967294,67
4294967294,99
4294967294,76
4294967294,6
4294967294,22
4294967294,9
4294967294,8
4294967294,5
4294967294,419
4294967294,186
4294967294,1023
4294967294,1005
4294967294,29
4294967294,1182
4294967294,441
4294967294,1357
4294967294,1009
4294967294,92
4294967294,28
4294967294,91
4294967294,90
4294967294,1183
4294967294,88
4294967294,87
4294967294,86
4294967294,85
4294967294,84
4294967294,25
4294967294,1099
4294967294,1153
4294967294,26
4294967294,82
4294967294,1356
4294967294,83
4294967294,393
4294967294,45
4294967294,0
4294967294,1359
4294967294,43
4294967294,1358
4294967294,44
4294967294,42
4294967294,41
4294967294,53
4294967294,417
4294967294,51
4294967294,95
4294967294,52
4294967294,96
4294967294,93
4294967294,94
4294967293,131
4294967293,130
4294967293,129
4294967293,128
4294967293,127
4294967293,126
4294967293,125
4294967293,124
4294967293,123
4294967293,122
4294967293,121
4294967293,120
4294967293,119
4294967293,118
4294967293,117
4294967293,116
4294967293,115
4294967293,114
4294967293,113
4294967293,112
4294967293,111
4294967293,110
4294967293,109
4294967293,108
4294967293,107
4294967293,106
4294967293,105
4294967293,104
4294967293,103
4294967293,102
4294967293,101
4294967293,100
4294967293,99
4294967293,98
4294967293,97
4294967293,96
4294967293,95
4294967293,94
4294967293,93
4294967293,92
4294967293,91
4294967293,90
4294967293,89
4294967293,87
4294967293,86
4294967293,85
4294967293,84
4294967293,83
4294967293,82
4294967293,81
4294967293,80
4294967293,79
4294967293,78
4294967293,77
4294967293,76
4294967293,75
4294967293,74
4294967293,73
4294967293,72
4294967293,71
4294967293,70
4294967293,69
4294967293,68
4294967293,67
4294967293,66
4294967293,65
4294967293,64
4294967293,63
4294967293,62
4294967293,61
4294967293,60
4294967293,59
4294967293,58
4294967293,57
4294967293,56
4294967293,55
4294967293,54
4294967293,53
4294967293,52
4294967293,51
4294967293,50
4294967293,49
4294967293,48
4294967293,47
4294967293,46
4294967293,45
4294967293,44
4294967293,43
4294967293,42
4294967293,41
4294967293,40
4294967293,39
4294967293,38
4294967293,37
4294967293,36
4294967293,35
4294967293,34
4294967293,33
4294967293,32
4294967293,31
4294967293,30
4294967293,29
4294967293,28
4294967293,27
4294967293,26
4294967293,25
4294967293,24
4294967293,23
4294967293,22
4294967293,21
4294967293,20
4294967293,19
4294967293,18
4294967293,17
4294967293,16
4294967293,15
4294967293,14
4294967293,13
4294967293,12
4294967293,11
4294967293,10
4294967293,9
4294967293,8
4294967293,7
4294967293,6
4294967293,5
4294967293,4
4294967293,3
4294967278,47
4294967278,37
4294967279,128
4294967279,2
4294967294,1017
4294967278,185
4294967278,274
4294967278,397
4294967278,267
4294967294,384
4294967294,169
4294967294,456
4294967278,262
4294967278,36
4294967278,256
4294967278,41
4294967279,507
4294967279,88
4294967279,174
4294967279,121
4294967294,111
4294967294,462
4294967279,468
4294967278,427
4294967279,89
4294967279,83
4294967279,190
4294967278,436
4294967278,178
4294967278,177
4294967278,217
4294967279,392
4294967279,504
4294967278,349
4294967279,149
4294967278,148
4294967279,502
4294967279,501
4294967279,139
4294967278,341
4294967279,433
4294967278,345
4294967278,340
4294967294,1178
4294967278,435
4294967278,357
4294967294,413
4294967294,420
4294967279,441
4294967279,440
4294967278,240
4294967279,316
4294967279,500
4294967294,185
4294967279,498
4294967279,497
4294967278,433
4294967278,432
4294967278,431
4294967278,291
4294967278,155
4294967278,290
4294967278,141
4294967279,141
4294967279,435
4294967279,19
4294967279,274
4294967279,287
768,5
768,4
768,3
768,2
768,1
4294967279,264
4294967279,263
767,6
4294967294,399
4294967294,183
4294967294,406
4294967294,448
4294967294,164
4294967294,455
767,5
767,4
767,3
767,2
767,1
766,5
766,4
766,3
766,2
766,1
765,4
765,3
765,2
765,1
4294967279,237
764,3
